0 -1.72136 
0.1 -1.72136 
0.2 2.12712 
0.3 1.71162 
0.4 -1.72136 
0.5 -1.72136 
0.6 -1.72136 
0.7 -2.30871 
0.8 -2.30871 
0.9 3.61039 
1 0.268289 
1.1 -0.0462822 
1.2 5.1475 
1.3 4.00433 
1.4 4.36807 
1.5 3.65641 
1.6 -3.72695 
1.7 -0.62939 
1.8 -3.52013 
1.9 -3.52013 
2 -1.15826 
2.1 -1.15826 
2.2 -2.83257 
2.3 -2.57792 
2.4 1.31986 
2.5 -1.72136 
2.6 -0.6935 
2.7 -0.6935 
2.8 2.56859 
2.9 3.03855 
3 9.82409 
3.1 15.061 
3.2 18.7049 
3.3 32.1082 
3.4 60.2829 
3.5 82.0196 
3.6 99.2012 
3.7 105.709 
3.8 105.793 
3.9 103.836 
4 100.043 
4.1 95.699 
4.2 91.1055 
4.3 87.191 
4.4 81.661 
4.5 76.1498 
4.6 69.7864 
4.7 64.9731 
4.8 60.0972 
4.9 54.5753 
5 49.09 
5.1 45.1993 
5.2 40.7322 
5.3 37.3402 
5.4 31.974 
5.5 28.1987 
5.6 22.696 
5.7 15.6822 
5.8 10.4263 
5.9 2.63456 
6 -4.40828 
6.1 -9.68702 
6.2 -11.323 
6.3 -11.261 
6.4 -11.2166 
6.5 -11.1686 
6.6 -11.1258 
6.7 -11.1003 
6.8 -10.7122 
6.9 -11.0225 
7 -10.9844 
7.1 -10.9367 
7.2 -10.8915 
7.3 -10.8656 
7.4 -10.7755 
7.5 -10.7152 
7.6 -10.6378 
7.7 -10.5566 
7.8 -10.4857 
7.9 -10.4441 
8 -10.4297 
8.1 -10.3693 
8.2 -10.3208 
8.3 -10.2694 
8.4 -9.52024 
8.5 -10.0944 
8.6 -10.0393 
8.7 -10.0506 
8.8 -9.99293 
8.9 -9.95666 
9 -9.8932 
9.1 -9.75368 
9.2 -9.6113 
9.3 -9.55975 
9.4 -9.44966 
9.5 -9.35004 
9.6 -9.26456 
9.7 -9.02461 
9.8 -8.94419 
9.9 -8.80005 
10 -8.60805 
10.1 -12.1137 
10.2 -12.1201 
10.3 -12.1214 
10.4 -12.1302 
10.5 -12.1318 
10.6 -12.1385 
10.7 -10.3862 
10.8 -12.1613 
10.9 -12.1662 
11 -12.1715 
11.1 -12.1771 
11.2 -12.1863 
11.3 -12.1896 
11.4 -12.2001 
11.5 -12.2001 
11.6 -12.2039 
11.7 -12.2299 
11.8 -12.2349 
11.9 -12.2349 
12 -12.2456 
12.1 -12.2401 
12.2 -12.2401 
12.3 -12.2513 
12.4 -12.2513 
12.5 -12.2701 
12.6 -12.2573 
12.7 -12.2843 
12.8 -12.2771 
12.9 -12.2843 
13 -12.292 
13.1 -12.3178 
13.2 -12.3377 
13.3 -12.3726 
13.4 -12.3726 
13.5 -12.4002 
13.6 -12.4156 
13.7 -12.4002 
13.8 -12.4002 
13.9 -12.3859 
14 -12.4156 
14.1 -12.4156 
14.2 -12.4156 
14.3 -12.4156 
14.4 -12.4156 
14.5 -12.4322 
14.6 -12.4502 
14.7 -12.4322 
14.8 -12.4502 
14.9 -12.4502 
15 -12.4911 
15.1 -12.4911 
15.2 -12.5145 
15.3 -12.4911 
15.4 -12.4698 
15.5 -12.4698 
15.6 -12.4502 
15.7 -12.4502 
15.8 -12.4502 
15.9 -12.4502 
16 -12.4698 
16.1 -12.4502 
16.2 -12.4502 
16.3 -12.4502 
16.4 -12.4502 
16.5 -12.4322 
16.6 -12.4502 
16.7 -12.4502 
16.8 -12.4322 
16.9 -12.4322 
17 -12.4156 
17.1 -12.4156 
17.2 -12.4156 
17.3 -12.4002 
17.4 -12.3859 
17.5 -12.4156 
17.6 -12.4322 
17.7 -12.4502 
17.8 -12.4502 
17.9 -12.4502 
18 -12.4502 
18.1 -12.4698 
18.2 -12.4698 
18.3 -12.4698 
18.4 -12.4911 
18.5 -12.4911 
18.6 -12.4911 
18.7 -12.5145 
18.8 -12.4911 
18.9 -12.4911 
19 -12.4911 
19.1 -12.4911 
19.2 -12.4911 
19.3 -12.4911 
19.4 -12.5145 
19.5 -12.5687 
19.6 -12.5687 
19.7 -12.5687 
19.8 -12.5687 
19.9 -12.5687 
20 -12.6003 
20.1 -12.6003 
20.2 -12.6003 
20.3 -12.6003 
20.4 -12.5687 
20.5 -12.5687 
20.6 -12.5687 
20.7 -12.5687 
20.8 -12.6356 
20.9 -12.6356 
21 -12.6003 
21.1 -12.6003 
21.2 -12.6003 
21.3 -12.6003 
21.4 -12.6003 
21.5 -12.6003 
21.6 -12.5687 
21.7 -12.5687 
21.8 -12.5687 
21.9 -12.5687 
22 -12.6003 
22.1 -12.6003 
22.2 -12.6003 
22.3 -12.6003 
22.4 -12.6003 
22.5 -12.6003 
22.6 -12.6356 
22.7 -12.6753 
22.8 -12.6753 
22.9 -12.6753 
23 -12.6753 
23.1 -12.6753 
23.2 -12.6753 
23.3 -12.6753 
23.4 -12.6753 
23.5 -5.165 
23.6 -12.6753 
23.7 -12.6753 
23.8 -12.6753 
23.9 -12.6753 
24 -12.6753 
24.1 -5.54472 
24.2 -12.6356 
24.3 -12.6356 
24.4 -12.6003 
24.5 -12.6003 
24.6 -12.6003 
24.7 -12.6003 
24.8 -12.6003 
24.9 -12.6003 
25 -12.6003 
25.1 -12.6356 
25.2 -12.6356 
25.3 -12.6356 
25.4 -12.6356 
25.5 -12.6753 
25.6 -12.6753 
25.7 -12.6753 
25.8 -12.6753 
25.9 -12.6753 
26 -12.6753 
26.1 -12.6753 
26.2 -12.6753 
26.3 -12.6753 
26.4 -12.6753 
26.5 -12.6753 
26.6 -12.6753 
26.7 -12.6753 
26.8 -12.6753 
26.9 -12.6753 
27 -12.6753 
27.1 -12.6356 
27.2 -12.6356 
27.3 -12.6356 
27.4 -12.6003 
27.5 -12.6003 
27.6 -12.6356 
27.7 -12.6356 
27.8 -12.6356 
27.9 -12.6753 
28 -12.6753 
28.1 -12.6753 
28.2 -12.6753 
28.3 -12.6753 
28.4 -12.6753 
28.5 -12.6753 
28.6 -12.7203 
28.7 -12.7203 
28.8 -12.7203 
28.9 -12.7203 
29 -12.7203 
29.1 -12.7203 
29.2 -12.7203 
29.3 -12.7203 
29.4 -12.7203 
29.5 -12.7203 
29.6 -12.7203 
29.7 -12.7203 
29.8 -12.7203 
29.9 -12.7203 
30 -12.7203 
30.1 -12.7203 
30.2 -12.7203 
30.3 -12.6753 
30.4 -12.6753 
30.5 -12.6753 
30.6 -12.6753 
30.7 -12.6753 
30.8 -12.6753 
30.9 -12.6753 
31 -12.6753 
31.1 -12.6753 
31.2 -12.6753 
31.3 -12.6753 
31.4 -12.6753 
31.5 -12.6753 
31.6 -12.6753 
31.7 -12.6753 
31.8 -5.165 
31.9 -12.6753 
32 -12.6753 
32.1 -12.6753 
32.2 -12.6753 
32.3 -12.6753 
32.4 -12.6753 
32.5 -12.6753 
32.6 -12.6753 
32.7 -12.6753 
32.8 -12.6753 
32.9 -12.6356 
33 -12.6356 
33.1 -12.6356 
33.2 -12.6356 
33.3 -12.6003 
33.4 -12.6003 
33.5 -12.6356 
33.6 -12.6356 
33.7 -12.6356 
33.8 -12.6356 
33.9 -12.6356 
34 -12.6356 
34.1 -12.6356 
34.2 -12.6753 
34.3 -12.6753 
34.4 -12.6753 
34.5 -12.6753 
34.6 -12.6753 
34.7 -12.6753 
34.8 -12.6753 
34.9 -12.6753 
35 -12.6753 
35.1 -12.6753 
35.2 -12.6753 
35.3 -12.6753 
35.4 -12.6753 
35.5 -12.6753 
35.6 -12.6753 
35.7 -12.6753 
35.8 -12.6753 
35.9 -12.6753 
36 -12.6753 
36.1 -12.6753 
36.2 -12.6753 
36.3 -12.6753 
36.4 -12.6753 
36.5 -12.6753 
36.6 -12.6753 
36.7 -12.6753 
36.8 -12.6753 
36.9 -12.6753 
37 -12.6753 
37.1 -12.6753 
37.2 -12.6753 
37.3 -12.6753 
37.4 -12.6753 
37.5 -12.6753 
37.6 -5.165 
37.7 -12.6753 
37.8 -5.165 
37.9 -12.6753 
38 -12.6753 
38.1 -12.6753 
38.2 -12.6753 
38.3 -12.6753 
38.4 -12.6753 
38.5 -12.6753 
38.6 -12.6753 
38.7 -12.6753 
38.8 -12.6753 
38.9 -12.6753 
39 -12.6753 
39.1 -12.6753 
39.2 -12.6753 
39.3 -12.6753 
39.4 -12.6753 
39.5 -12.7203 
39.6 -12.7203 
39.7 -12.7203 
39.8 -12.7203 
39.9 -12.7203 
40 -12.7203 
40.1 -12.7203 
40.2 -12.7203 
40.3 -12.6753 
40.4 -12.6753 
40.5 -12.6753 
40.6 -12.6753 
40.7 -12.6753 
40.8 -12.6753 
40.9 -12.6753 
41 -12.6753 
41.1 -12.7203 
41.2 -12.7203 
41.3 -12.7203 
41.4 -12.7203 
41.5 -12.7203 
41.6 -12.7203 
41.7 -12.7203 
41.8 -12.7203 
41.9 -12.7203 
42 -12.7203 
42.1 -12.7203 
42.2 -12.7203 
42.3 -12.7203 
42.4 -12.7203 
42.5 -12.7203 
42.6 -12.7203 
42.7 -12.7203 
42.8 -12.7203 
42.9 -12.7203 
43 -12.7203 
43.1 -12.7203 
43.2 -12.7203 
43.3 -12.7203 
43.4 -12.7203 
43.5 -12.7203 
43.6 -12.7203 
43.7 -12.7203 
43.8 -12.7203 
43.9 -12.7203 
44 -12.7203 
44.1 -12.7203 
44.2 -12.7203 
44.3 -12.7203 
44.4 -12.7203 
44.5 -12.7203 
44.6 -12.7203 
44.7 -12.6753 
44.8 -12.7203 
44.9 -12.7203 
45 -12.7203 
45.1 -12.7203 
45.2 -12.7203 
45.3 -12.7203 
45.4 -12.7203 
45.5 -12.7203 
45.6 -12.6753 
45.7 -12.6753 
45.8 -12.6753 
45.9 -12.6753 
46 -12.6753 
46.1 -12.6753 
46.2 -12.6753 
46.3 -12.6753 
46.4 -12.6753 
46.5 -12.6753 
46.6 -12.6753 
46.7 -12.6753 
46.8 -12.6753 
46.9 -12.7203 
47 -12.7203 
47.1 -12.7203 
47.2 -12.7203 
47.3 -12.7203 
47.4 -12.7203 
47.5 -12.7203 
47.6 -12.7203 
47.7 -12.7203 
47.8 -12.7203 
47.9 -12.7203 
48 -12.7203 
48.1 -12.7203 
48.2 -12.7203 
48.3 -12.7203 
48.4 -12.7203 
48.5 -12.7203 
48.6 -12.7203 
48.7 -12.7203 
48.8 -12.7203 
48.9 -12.7203 
49 -12.7203 
49.1 -12.7203 
49.2 -12.7203 
49.3 -12.7203 
49.4 -12.7203 
49.5 -12.7203 
49.6 -12.7203 
49.7 -12.7203 
49.8 -12.7203 
49.9 -12.7203 
50 -12.7203 
50.1 -12.7203 
50.2 -12.7203 
50.3 -12.6753 
50.4 -12.6753 
50.5 -12.6753 
50.6 -12.6753 
50.7 -12.6753 
50.8 -12.6753 
50.9 -12.6753 
51 -12.6753 
51.1 -12.6753 
51.2 -12.6753 
51.3 -12.6753 
51.4 -12.6753 
51.5 -12.6753 
51.6 -12.6753 
51.7 -12.6753 
51.8 -12.6356 
51.9 -12.6356 
52 -12.6753 
52.1 -12.6753 
52.2 -12.6753 
52.3 -12.6753 
52.4 -12.6753 
52.5 -12.6753 
52.6 -12.6753 
52.7 -12.6753 
52.8 -12.6753 
52.9 -12.6753 
53 -12.6753 
53.1 -12.6753 
53.2 -12.6753 
53.3 -12.6753 
53.4 -12.7203 
53.5 -12.6753 
53.6 -12.6753 
53.7 -12.6753 
53.8 -12.6753 
53.9 -12.6753 
54 -12.6753 
54.1 -12.7203 
54.2 -12.7203 
54.3 -12.7203 
54.4 -12.7203 
54.5 -12.7203 
54.6 -12.7203 
54.7 -12.7203 
54.8 -12.7203 
54.9 -12.7203 
55 -12.7203 
55.1 -12.7203 
55.2 -12.7203 
55.3 -12.7203 
55.4 -12.7203 
55.5 -12.7203 
55.6 -12.7203 
55.7 -12.7203 
55.8 -12.7203 
55.9 -12.6753 
56 -5.165 
56.1 -12.6753 
56.2 -12.6753 
56.3 -12.6753 
56.4 -12.6753 
56.5 -12.6753 
56.6 -12.6753 
56.7 -12.6753 
56.8 -12.6753 
56.9 -12.6753 
57 -12.6753 
57.1 -12.6753 
57.2 -12.6753 
57.3 -12.6753 
57.4 -12.6753 
57.5 -12.6753 
57.6 -12.6753 
57.7 -5.165 
57.8 -12.6753 
57.9 -12.6753 
58 -12.6753 
58.1 -12.6753 
58.2 -12.6753 
58.3 -12.6356 
58.4 -12.6356 
58.5 -12.6003 
58.6 -12.6003 
58.7 -12.6003 
58.8 -12.6003 
58.9 -12.6003 
59 -12.6003 
59.1 -12.6003 
59.2 -12.6003 
59.3 -12.6003 
59.4 -12.6003 
59.5 -12.6003 
59.6 -12.6003 
59.7 -12.6003 
59.8 -12.6003 
59.9 -12.6003 
60 -12.6003 
60.1 -12.6003 
60.2 -12.6003 
60.3 -12.6003 
60.4 -12.5687 
60.5 -12.5687 
60.6 -12.5687 
60.7 -12.6003 
60.8 -12.6356 
60.9 -12.6356 
61 -12.6356 
61.1 -12.6356 
61.2 -12.6356 
61.3 -12.6356 
61.4 -12.6356 
61.5 -12.6356 
61.6 -12.6753 
61.7 -12.6356 
61.8 -12.6356 
61.9 -12.6356 
62 -12.6356 
62.1 -12.6356 
62.2 -12.6356 
62.3 -12.6356 
62.4 -12.6356 
62.5 -12.6356 
62.6 -12.6753 
62.7 -12.6753 
62.8 -12.6753 
62.9 -12.6753 
63 -12.6753 
63.1 -12.6356 
63.2 -12.6356 
63.3 -12.6356 
63.4 -12.6356 
63.5 -12.6356 
63.6 -12.6356 
63.7 -12.6356 
63.8 -12.6356 
63.9 -12.6356 
64 -12.6356 
64.1 -12.6356 
64.2 -12.6356 
64.3 -12.6356 
64.4 -12.6356 
64.5 -12.6356 
64.6 -12.6356 
64.7 -12.6356 
64.8 -12.6356 
64.9 -12.6356 
65 -12.6356 
65.1 -12.6356 
65.2 -12.6356 
65.3 -12.6356 
65.4 -12.6003 
65.5 -12.6003 
65.6 -12.6003 
65.7 -12.6003 
65.8 -12.6003 
65.9 -12.6356 
66 -12.6356 
66.1 -12.6753 
66.2 -12.6753 
66.3 -12.6753 
66.4 -12.6753 
66.5 -12.6753 
66.6 -12.6356 
66.7 -12.6356 
66.8 -12.6356 
66.9 -12.6753 
67 -12.6753 
67.1 -12.6753 
67.2 -12.6753 
67.3 -12.6753 
67.4 -12.7203 
67.5 -12.7203 
67.6 -12.7203 
67.7 -12.7203 
67.8 -12.7203 
67.9 -12.7203 
68 -12.7203 
68.1 -12.7203 
68.2 -12.7203 
68.3 -12.7203 
68.4 -12.7203 
68.5 -12.7203 
68.6 -12.7203 
68.7 -12.7203 
68.8 -12.7203 
68.9 -12.7203 
69 -12.7203 
69.1 -12.7203 
69.2 -12.7203 
69.3 -12.7203 
69.4 -12.7203 
69.5 -12.7203 
69.6 -12.7203 
69.7 -12.7203 
69.8 -12.7203 
69.9 -12.7203 
70 -12.7203 
70.1 -12.7203 
70.2 -12.7203 
70.3 -12.7203 
70.4 -12.7203 
70.5 -12.7203 
70.6 -12.7203 
70.7 -12.7203 
70.8 -12.7203 
70.9 -12.7203 
71 -12.7203 
71.1 -12.7203 
71.2 -12.7203 
71.3 -12.7203 
71.4 -12.7203 
71.5 -12.7203 
71.6 -12.7203 
71.7 -12.7203 
71.8 -12.7203 
71.9 -12.7203 
72 -12.7203 
72.1 -12.7203 
72.2 -12.7203 
72.3 -12.7203 
72.4 -12.7203 
72.5 -12.7203 
72.6 -12.7203 
72.7 -12.7203 
72.8 -12.7203 
72.9 -12.7203 
73 -12.7203 
73.1 -12.7203 
73.2 -12.7203 
73.3 -12.7203 
73.4 -12.7203 
73.5 -12.7203 
73.6 -12.7203 
73.7 -12.7203 
73.8 -12.7203 
73.9 -12.7203 
74 -12.7203 
74.1 -12.7203 
74.2 -12.7203 
74.3 -12.7203 
74.4 -12.7203 
74.5 -12.7203 
74.6 -12.7203 
74.7 -12.7203 
74.8 -12.7203 
74.9 -12.7203 
75 -12.7203 
75.1 -12.7203 
75.2 -12.7203 
75.3 -12.7203 
75.4 -12.7203 
75.5 -12.7203 
75.6 -12.7203 
75.7 -12.7203 
75.8 -12.6356 
75.9 -12.6356 
76 -12.6356 
76.1 -12.6356 
76.2 -12.6356 
76.3 -12.6753 
76.4 -12.6753 
76.5 -12.6753 
76.6 -12.6753 
76.7 -12.6753 
76.8 -12.6753 
76.9 -12.6753 
77 -12.6753 
77.1 -12.6753 
77.2 -12.6753 
77.3 -12.6753 
77.4 -12.6753 
77.5 -12.6753 
77.6 -12.6753 
77.7 -12.6753 
77.8 -12.7203 
77.9 -12.7203 
78 -12.7203 
78.1 -12.7203 
78.2 -12.7203 
78.3 -12.6753 
78.4 -12.6753 
78.5 -12.6753 
78.6 -12.6753 
78.7 -12.7203 
78.8 -12.7203 
78.9 -12.7203 
79 -12.7203 
79.1 -12.7203 
79.2 -12.7203 
79.3 -12.7203 
79.4 -12.7203 
79.5 -12.7203 
79.6 -12.7203 
79.7 -12.7203 
79.8 -12.7203 
79.9 -12.7203 
80 -12.7203 
80.1 -12.7203 
80.2 -12.7203 
80.3 -12.7203 
80.4 -12.7203 
80.5 -12.7203 
80.6 -12.7203 
80.7 -12.7203 
80.8 -12.7203 
80.9 -12.7203 
81 -12.7203 
81.1 -12.7203 
81.2 -12.7203 
81.3 -12.7203 
81.4 -12.7203 
81.5 -12.7203 
81.6 -12.7203 
81.7 -4.73781 
81.8 -12.7203 
81.9 -12.6753 
82 -12.6753 
82.1 -12.6753 
82.2 -5.165 
82.3 -5.165 
82.4 -12.6753 
82.5 -12.6753 
82.6 -12.6753 
82.7 -12.6753 
82.8 -12.6753 
82.9 -12.7203 
83 -12.7203 
83.1 -12.7203 
83.2 -12.7203 
83.3 -12.7203 
83.4 -12.7203 
83.5 -12.7203 
83.6 -12.7203 
83.7 -12.7203 
83.8 -12.7203 
83.9 -12.7203 
84 -12.7203 
84.1 -12.7203 
84.2 -12.6753 
84.3 -12.6753 
84.4 -12.6753 
84.5 -12.6753 
84.6 -5.165 
84.7 -12.6753 
84.8 -12.6753 
84.9 -12.6753 
85 -12.6753 
85.1 -12.6753 
85.2 -5.165 
85.3 -12.6753 
85.4 -12.6753 
85.5 -12.6753 
85.6 -12.6753 
85.7 -12.6753 
85.8 -12.6753 
85.9 -12.6753 
86 -12.6753 
86.1 -12.6753 
86.2 -12.6753 
86.3 -12.6753 
86.4 -12.6753 
86.5 -12.6753 
86.6 -12.6753 
86.7 -12.6753 
86.8 -12.6753 
86.9 -12.6753 
87 -12.6753 
87.1 -12.6753 
87.2 -12.6753 
87.3 -12.6753 
87.4 -12.6753 
87.5 -12.7203 
87.6 -12.7203 
87.7 -12.7203 
87.8 -12.6753 
87.9 -12.6753 
88 -12.7203 
88.1 -12.7203 
88.2 -12.7203 
88.3 -12.7203 
88.4 -12.7203 
88.5 -12.7203 
88.6 -12.7203 
88.7 -12.7203 
88.8 -12.7203 
88.9 -12.7203 
89 -12.7203 
89.1 -12.6753 
89.2 -12.6753 
89.3 -12.6753 
89.4 -12.6753 
89.5 -12.6753 
89.6 -12.6753 
89.7 -12.6753 
89.8 -12.6753 
89.9 -12.6753 
90 -12.6753 
90.1 -12.6753 
90.2 -12.6753 
90.3 -12.6753 
90.4 -12.6753 
90.5 -12.6753 
90.6 -12.6753 
90.7 -12.6356 
90.8 -12.6356 
90.9 -12.6356 
91 -12.6356 
91.1 -12.6356 
91.2 -12.6003 
91.3 -12.6003 
91.4 -12.6003 
91.5 -12.6003 
91.6 -12.6003 
91.7 -12.6003 
91.8 -12.6003 
91.9 -12.6003 
92 -12.6003 
92.1 -5.88447 
92.2 -5.88447 
92.3 -12.6003 
92.4 -12.6003 
92.5 -12.6003 
92.6 -12.6356 
92.7 -12.6356 
92.8 -12.6356 
92.9 -12.6356 
93 -12.6356 
93.1 -12.6356 
93.2 -12.6356 
93.3 -12.6356 
93.4 -12.6356 
93.5 -12.6356 
93.6 -12.6356 
93.7 -12.6356 
93.8 -12.6356 
93.9 -12.6356 
94 -12.6356 
94.1 -5.88447 
94.2 -12.6003 
94.3 -12.6003 
94.4 -12.6003 
94.5 -12.6003 
94.6 -5.88447 
94.7 -12.6003 
94.8 -12.6356 
94.9 -12.6003 
95 -12.6753 
95.1 -12.6753 
95.2 -12.6753 
95.3 -12.7203 
95.4 -12.7203 
95.5 -12.7203 
95.6 -12.7203 
95.7 -12.7203 
95.8 -12.7203 
95.9 -4.73781 
96 -12.7203 
96.1 -12.6753 
96.2 -12.6753 
96.3 -12.6753 
96.4 -12.6753 
96.5 -12.6753 
96.6 -12.6753 
96.7 -12.6753 
96.8 -12.6753 
96.9 -12.6753 
97 -12.6753 
97.1 -12.6753 
97.2 -12.6753 
97.3 -12.6753 
97.4 -12.6753 
97.5 -12.6753 
97.6 -12.6753 
97.7 -12.6753 
97.8 -12.6753 
97.9 -12.6753 
98 -12.6753 
98.1 -12.6753 
98.2 -12.6753 
98.3 -12.6753 
98.4 -12.6753 
98.5 -12.7203 
98.6 -12.7203 
98.7 -12.7203 
98.8 -12.7203 
98.9 -12.7203 
99 -12.7203 
99.1 -12.7203 
99.2 -12.7203 
99.3 -12.7203 
99.4 -12.7203 
99.5 -12.7203 
99.6 -12.7203 
99.7 -12.7203 
99.8 -12.7203 
99.9 -12.7203 
